       relname        | seq_scan | seq_tup_read | idx_scan | n_tup_ins | n_tup_upd | n_tup_del 
----------------------+----------+--------------+----------+-----------+-----------+-----------
 projects             |   117328 |    193457262 |  6063252 |      1878 |     44770 |         0
 label_tasks          |    13650 |    166913446 |  9863169 |      3453 |         0 |         0
 labels               |   206150 |    123688716 |  1168433 |         0 |         0 |         0
 buckets              |    18404 |     96403041 |    38022 |      5634 |      5634 |         0
 users                |    36566 |      2968467 |  4014188 |         0 |         0 |         0
 task_unread_statuses |    11026 |      1353948 |   180776 |       472 |         0 |         0
 tasks                |       16 |       874977 |  7924478 |      9171 |     16188 |         0
 subscriptions        |       13 |       693739 |  1660379 |      9163 |         0 |         0
 migration            |     3692 |       524264 |          |         0 |         0 |         0
 team_members         |       13 |         1300 |   118922 |         0 |         0 |         0
 saved_filters        |       13 |         1300 |   136589 |         0 |         0 |         0
 teams                |       35 |          700 |        0 |         0 |         0 |         0
 license_status       |       26 |           26 |        0 |         0 |         0 |         0
 project_views        |        0 |            0 |   809435 |      7512 |      9390 |         0
 task_relations       |  1247940 |            0 |        0 |         0 |         0 |         0
 task_buckets         |        0 |            0 |   301396 |      9163 |      3208 |         0
 team_projects        |        0 |            0 |   151776 |         0 |         0 |         0
 time_entries         |        0 |            0 |        0 |         0 |         0 |         0
 sessions             |        0 |            0 |    81261 |     13671 |     54174 |         0
 webhooks             |        0 |            0 |    29960 |         0 |         0 |         0
(20 rows)

