       relname        | seq_scan | seq_tup_read | idx_scan | n_tup_ins | n_tup_upd | n_tup_del 
----------------------+----------+--------------+----------+-----------+-----------+-----------
 projects             |   254224 |    516217950 | 12022907 |      2600 |     63020 |         0
 label_tasks          |    15514 |    189955375 | 17926439 |      4817 |         0 |         0
 buckets              |    25359 |    159077979 |    57285 |      7800 |      7800 |         0
 labels               |    37571 |     22542600 |  6091879 |         0 |         0 |         0
 users                |    51493 |      4164412 |  5571031 |         0 |         0 |         0
 task_unread_statuses |    15557 |      1933824 |   293464 |       732 |         0 |         0
 tasks                |       15 |       836361 | 11610457 |     12815 |     23036 |         0
 subscriptions        |       13 |       717885 |  2173366 |     12779 |         0 |         0
 migration            |     3550 |       504100 |          |         0 |         0 |         0
 team_members         |       13 |         1300 |   256838 |         0 |         0 |         0
 saved_filters        |       13 |         1300 |   185724 |         0 |         0 |         0
 teams                |       35 |          700 |        0 |         0 |         0 |         0
 license_status       |       25 |           25 |        0 |         0 |         0 |         0
 project_views        |        0 |            0 |  1735692 |     10400 |     13000 |         0
 task_relations       |  1674658 |            0 |        0 |         0 |         0 |         0
 task_buckets         |        0 |            0 |   640472 |     12779 |      4644 |         0
 team_projects        |        0 |            0 |   303120 |         0 |         0 |         0
 time_entries         |        0 |            0 |        0 |         0 |         0 |         0
 sessions             |        0 |            0 |   114905 |     19391 |     76601 |         0
 webhooks             |        0 |            0 |    42458 |         0 |         0 |         0
(20 rows)

