       relname        | seq_scan | seq_tup_read | idx_scan | n_tup_ins | n_tup_upd | n_tup_del 
----------------------+----------+--------------+----------+-----------+-----------+-----------
 label_tasks          |    10237 |    124848983 |  6679754 |      2522 |         0 |         0
 projects             |    79537 |    108928392 |  3873896 |      1331 |     32644 |         0
 labels               |   149905 |     89943000 |   853163 |         0 |         0 |         0
 buckets              |    13192 |     58023498 |    26229 |      3993 |      3993 |         0
 users                |    26312 |      2124828 |  2930434 |         0 |         0 |         0
 task_unread_statuses |    14524 |      1602200 |   103997 |       168 |         0 |         0
 tasks                |       16 |       845699 |  5587988 |      6614 |     11974 |         0
 subscriptions        |       13 |       672545 |  1207409 |      6612 |         0 |         0
 migration            |     3692 |       524264 |          |         0 |         0 |         0
 saved_filters        |       13 |         1300 |    99108 |         0 |         0 |         0
 team_members         |       13 |         1300 |    80311 |         0 |         0 |         0
 teams                |       35 |          700 |        0 |         0 |         0 |         0
 api_tokens           |        1 |          100 |   693865 |         0 |         0 |         0
 license_status       |       26 |           26 |        0 |         0 |         0 |         0
 task_relations       |   907674 |            0 |        0 |         0 |         0 |         0
 task_buckets         |        0 |            0 |   211128 |      6612 |      2437 |         0
 team_projects        |        0 |            0 |   104778 |         0 |         0 |         0
 time_entries         |        0 |            0 |        0 |         0 |         0 |         0
 sessions             |        0 |            0 |    58371 |      9802 |     38914 |         0
 webhooks             |        0 |            0 |    21942 |         0 |         0 |         0
(20 rows)

