     relname      | seq_scan | seq_tup_read | idx_scan | n_tup_ins | n_tup_upd | n_tup_del 
------------------+----------+--------------+----------+-----------+-----------+-----------
 projects         |   235036 |    464843832 | 11981405 |      2478 |     63062 |         0
 label_tasks      |    16147 |    198169448 | 17092762 |      4847 |         0 |         0
 buckets          |    26029 |    159877404 |    57405 |      7434 |      7434 |         0
 labels           |    38852 |     23311200 |  5282110 |         0 |         0 |         0
 users            |    51718 |      4183607 |  5443473 |         0 |         0 |         0
 subscriptions    |       12 |       664066 |  2276322 |     12874 |         0 |         0
 tasks            |       10 |       543879 | 11339121 |     12909 |     22989 |         0
 migration        |     3692 |       524264 |          |         0 |         0 |         0
 sessions         |        1 |        19133 |   115150 |     19475 |     76766 |         0
 team_members     |       12 |         1200 |   237670 |         0 |         0 |         0
 saved_filters    |       12 |         1200 |   189432 |         0 |         0 |         0
 teams            |       34 |          680 |        0 |         0 |         0 |         0
 license_status   |       26 |           26 |        0 |         0 |         0 |         0
 task_buckets     |        0 |            0 |   446028 |     12874 |      4667 |         0
 team_projects    |        0 |            0 |   283923 |         0 |         0 |         0
 time_entries     |        0 |            0 |        0 |         0 |         0 |         0
 webhooks         |        0 |            0 |    42416 |         0 |         0 |         0
 migration_status |        0 |            0 |        0 |         0 |         0 |         0
 task_reminders   |        0 |            0 |  1472758 |         0 |         0 |         0
 files            |       22 |            0 |        0 |         0 |         0 |         0
(20 rows)

