       relname        | seq_scan | seq_tup_read | idx_scan | n_tup_ins | n_tup_upd | n_tup_del 
----------------------+----------+--------------+----------+-----------+-----------+-----------
 projects             |   100872 |    151369405 |  5074328 |      1583 |     39086 |         0
 label_tasks          |    10989 |    133725972 |  8985387 |      2969 |         0 |         0
 buckets              |    16067 |     77338479 |    33070 |      4749 |      4749 |         0
 labels               |     5332 |      3199200 |  2885560 |         0 |         0 |         0
 users                |    31575 |      2555071 |  3408825 |         0 |         0 |         0
 task_unread_statuses |     9647 |       946920 |   161172 |       412 |         0 |         0
 subscriptions        |       12 |       632575 |  1440061 |      7999 |         0 |         0
 migration            |     3692 |       524264 |          |         0 |         0 |         0
 tasks                |        9 |       462997 |  6746058 |      8004 |     14194 |         0
 saved_filters        |       12 |         1200 |   118563 |         0 |         0 |         0
 team_members         |       12 |         1200 |   102349 |         0 |         0 |         0
 teams                |       34 |          680 |        0 |         0 |         0 |         0
 license_status       |       26 |           26 |        0 |         0 |         0 |         0
 project_views        |        0 |            0 |   704855 |      6332 |      7915 |         0
 task_relations       |  1083772 |            0 |        0 |         0 |         0 |         0
 task_buckets         |        0 |            0 |   262595 |      7999 |      2837 |         0
 team_projects        |        0 |            0 |   131011 |         0 |         0 |         0
 time_entries         |        0 |            0 |        0 |         0 |         0 |         0
 sessions             |        0 |            0 |    70338 |     11736 |     46892 |         0
 webhooks             |        0 |            0 |    26157 |         0 |         0 |         0
(20 rows)

