       relname        | seq_scan | seq_tup_read | idx_scan | n_tup_ins | n_tup_upd | n_tup_del 
----------------------+----------+--------------+----------+-----------+-----------+-----------
 projects             |   237796 |    481173377 | 12279562 |      2575 |     62964 |         0
 label_tasks          |    14788 |    181071894 | 17867794 |      4849 |         0 |         0
 buckets              |    25645 |    159813765 |    57349 |      7725 |      7725 |         0
 labels               |    39956 |     23973600 |  5303135 |         0 |         0 |         0
 users                |    51723 |      4177595 |  5470250 |         0 |         0 |         0
 task_unread_statuses |     7297 |       935980 |   294222 |       660 |         0 |         0
 tasks                |       14 |       778954 | 11366850 |     12746 |     23079 |         0
 subscriptions        |       12 |       663579 |  2308529 |     12716 |         0 |         0
 migration            |     3692 |       524264 |          |         0 |         0 |         0
 team_members         |       12 |         1200 |   240352 |         0 |         0 |         0
 saved_filters        |       12 |         1200 |   190933 |         0 |         0 |         0
 teams                |       34 |          680 |        0 |         0 |         0 |         0
 license_status       |       26 |           26 |        0 |         0 |         0 |         0
 project_views        |        0 |            0 |  1782415 |     10300 |     12875 |         0
 task_relations       |  1734728 |            0 |        0 |         0 |         0 |         0
 task_buckets         |        0 |            0 |   436430 |     12716 |      4591 |         0
 team_projects        |        0 |            0 |   286331 |         0 |         0 |         0
 time_entries         |        0 |            0 |        0 |         0 |         0 |         0
 sessions             |        0 |            0 |   114610 |     19573 |     76406 |         0
 webhooks             |        0 |            0 |    42153 |         0 |         0 |         0
(20 rows)

