       relname        | seq_scan | seq_tup_read | idx_scan | n_tup_ins | n_tup_upd | n_tup_del 
----------------------+----------+--------------+----------+-----------+-----------+-----------
 projects             |   237633 |    468984411 | 12053666 |      2489 |     62206 |         0
 label_tasks          |    13871 |    169493776 | 18515649 |      4899 |         0 |         0
 buckets              |    25715 |    158654583 |    57157 |      7467 |      7467 |         0
 labels               |    39281 |     23568600 |  5244372 |         0 |         0 |         0
 users                |    51810 |      4190345 |  5400356 |         0 |         0 |         0
 task_unread_statuses |     8009 |       805040 |   291303 |       648 |         0 |         0
 tasks                |       14 |       778409 | 11286513 |     12701 |     22739 |         0
 subscriptions        |       13 |       714218 |  2274931 |     12669 |         0 |         0
 migration            |     3550 |       504100 |          |         0 |         0 |         0
 team_members         |       13 |         1300 |   240126 |         0 |         0 |         0
 saved_filters        |       13 |         1300 |   188500 |         0 |         0 |         0
 teams                |       35 |          700 |        0 |         0 |         0 |         0
 license_status       |       25 |           25 |        0 |         0 |         0 |         0
 project_views        |        0 |            0 |  1741927 |      9956 |     12445 |         0
 task_relations       |  1715339 |            0 |        0 |         0 |         0 |         0
 task_buckets         |        0 |            0 |   430594 |     12669 |      4595 |         0
 team_projects        |        0 |            0 |   285751 |         0 |         0 |         0
 time_entries         |        0 |            0 |        0 |         0 |         0 |         0
 sessions             |        0 |            0 |   115282 |     19492 |     76853 |         0
 webhooks             |        0 |            0 |    41800 |         0 |         0 |         0
(20 rows)

