       relname        | seq_scan | seq_tup_read | idx_scan | n_tup_ins | n_tup_upd | n_tup_del 
----------------------+----------+--------------+----------+-----------+-----------+-----------
 projects             |   230068 |    454161259 | 10700943 |      2504 |     61921 |         0
 label_tasks          |    14994 |    183669209 | 17331926 |      4784 |         0 |         0
 buckets              |    24974 |    156879987 |    52943 |      7512 |      7512 |         0
 labels               |    32147 |     19288200 |  4544646 |         0 |         0 |         0
 users                |    51677 |      4176820 |  4643690 |         0 |         0 |         0
 task_unread_statuses |    14587 |      1642220 |   272203 |       632 |         0 |         0
 tasks                |       15 |       836472 | 10291493 |     12648 |     22605 |         0
 subscriptions        |       12 |       663916 |  1924768 |     12641 |         0 |         0
 migration            |     3550 |       504100 |          |         0 |         0 |         0
 team_members         |       12 |         1200 |   232627 |         0 |         0 |         0
 saved_filters        |       12 |         1200 |   167711 |         0 |         0 |         0
 teams                |       34 |          680 |        0 |         0 |         0 |         0
 license_status       |       25 |           25 |        0 |         0 |         0 |         0
 project_views        |        0 |            0 |  1540312 |     10016 |     12520 |         0
 task_relations       |  1496098 |            0 |        0 |         0 |         0 |         0
 task_buckets         |        0 |            0 |   393417 |     12641 |      4601 |         0
 team_projects        |        0 |            0 |   278019 |         0 |         0 |         0
 time_entries         |        0 |            0 |        0 |         0 |         0 |         0
 sessions             |        0 |            0 |   114903 |     19480 |     76592 |         0
 webhooks             |        0 |            0 |    41511 |         0 |         0 |         0
(20 rows)

